986 2517
88 862
508 804
611 47
867 917
102 340
528 192
937 531
366 407
175 622
902 270
789 436
565 59
54 666
898 52
610 193
704 277
86 732
341 76
237 928
848 331
271 530
689 551
780 135
180 971
37 367
404 147
339 791
371 663
652 759
857 23
566 697
864 239
670 188
25 280
951 881
355 907
800 780
311 85
928 154
75 312
475 610
721 955
355 24
235 574
96 114
369 767
913 642
492 924
639 481
438 30
521 826
723 722
742 104
248 359
229 838
63 451
543 565
340 686
303 538
932 106
889 280
9 899
82 827
263 786
359 388
842 862
112 207
224 393
574 505
152 448
484 61
576 719
871 78
314 758
831 602
133 435
284 372
857 430
180 389
422 517
744 24
893 563
71 376
553 393
38 757
308 204
502 229
566 367
380 601
142 104
609 536
173 313
781 623
675 523
547 734
647 822
667 370
29 48
567 926
290 19
793 837
901 492
830 791
11 768
286 817
575 413
325 853
877 296
272 761
876 641
700 359
920 53
297 204
740 608
938 173
172 866
100 647
503 714
699 492
33 648
100 985
799 514
623 48
195 10
383 385
385 149
152 818
429 217
949 925
964 190
186 546
236 431
626 86
812 506
389 786
587 148
863 985
185 34
795 451
600 979
490 433
291 749
91 655
554 45
126 190
817 163
670 607
675 646
675 221
36 116
8 974
565 694
951 482
76 114
519 670
796 717
618 288
785 943
949 46
24 306
479 969
265 195
428 633
583 786
10 603
223 889
702 339
80 78
266 452
895 123
934 203
258 542
833 846
527 872
35 979
487 298
367 177
814 508
524 111
399 757
400 810
969 373
36 900
899 30
75 483
369 661
406 713
926 869
708 824
52 260
640 637
897 609
220 389
295 341
348 20
45 302
356 146
446 681
729 19
819 324
985 185
94 127
193 350
752 550
515 236
646 221
35 641
79 894
214 329
805 536
660 648
259 858
503 272
872 439
36 18
633 954
542 977
227 905
30 133
893 494
953 835
256 66
202 329
61 700
151 229
392 973
397 783
877 261
807 324
700 813
810 117
830 901
780 572
123 476
419 922
235 518
668 573
263 88
87 163
234 661
771 541
442 336
100 62
651 912
859 315
614 864
669 174
600 291
265 619
140 958
234 506
290 440
521 257
562 163
984 508
804 303
648 307
580 694
505 328
657 443
937 128
352 928
430 327
982 805
809 401
21 907
886 220
708 126
515 780
252 898
370 911
354 299
785 246
793 86
205 181
151 786
407 819
141 531
577 808
672 583
237 554
940 692
133 74
49 586
541 442
565 668
285 799
168 445
680 963
897 323
628 502
97 524
976 265
138 300
304 503
358 916
767 86
866 869
207 496
762 820
395 714
468 12
460 664
101 633
892 635
792 63
544 928
670 32
874 136
303 244
3 626
739 361
904 125
578 76
120 791
747 473
73 167
850 559
731 464
876 786
627 854
62 816
747 176
328 194
769 940
535 380
684 236
781 902
927 920
986 452
456 721
4 395
745 749
156 913
926 192
638 53
380 202
418 491
96 332
558 748
405 804
796 161
231 508
513 43
732 473
73 57
438 702
320 854
61 52
751 516
70 414
401 245
420 236
918 733
631 748
872 902
745 408
48 269
654 662
604 453
552 312
897 342
24 956
262 800
248 344
295 726
687 268
287 476
446 609
691 214
852 321
535 285
953 715
428 862
13 584
604 154
16 659
516 523
320 474
525 184
98 128
28 957
50 24
270 391
734 872
678 414
312 814
900 868
721 99
25 161
105 793
353 503
686 409
907 547
912 97
58 337
333 52
63 298
362 516
370 381
831 154
744 969
431 520
415 962
548 632
828 102
978 874
429 854
121 529
195 246
231 33
180 578
409 655
112 439
78 538
885 906
874 698
710 913
752 210
290 570
385 790
759 927
320 110
856 80
51 836
307 165
450 214
918 189
573 931
302 616
485 798
698 750
950 888
855 808
831 910
780 879
855 142
393 507
168 336
151 178
124 318
159 804
380 176
882 580
369 212
886 595
91 344
941 220
64 688
174 896
28 795
894 665
399 143
700 472
518 841
616 695
410 471
107 60
681 944
278 488
173 766
963 346
284 332
141 758
832 313
49 686
157 288
379 845
310 838
942 285
799 203
570 58
572 298
64 113
859 775
530 169
677 795
179 928
272 920
350 589
43 400
851 700
975 75
931 161
536 228
294 939
645 724
171 372
464 335
373 267
772 192
113 549
954 558
500 469
135 155
70 745
201 976
770 470
44 282
935 511
109 322
84 462
360 558
35 770
553 782
544 12
780 485
864 350
720 563
574 184
760 980
672 597
622 676
935 984
819 274
8 606
796 769
698 905
452 607
252 684
588 22
491 582
937 839
171 580
426 196
374 251
876 105
212 191
30 450
412 905
841 265
108 435
974 32
285 476
10 640
869 924
140 584
576 916
722 216
99 330
559 213
754 653
159 15
929 338
631 248
708 615
893 839
474 40
177 430
940 325
959 950
428 36
286 709
442 939
861 740
312 170
759 851
207 534
812 852
192 885
839 45
65 781
642 541
94 555
210 617
641 660
661 148
295 623
796 732
798 23
894 700
58 497
442 938
958 402
709 190
117 910
802 445
824 808
468 691
736 116
827 431
424 480
723 644
247 419
360 264
288 772
878 3
534 863
794 18
759 260
318 218
600 658
947 646
204 448
728 76
752 792
696 117
38 915
169 704
193 955
107 458
348 321
5 251
298 119
825 670
727 327
711 521
931 322
645 817
761 435
29 286
733 24
369 155
369 896
208 807
637 764
204 358
205 368
830 540
409 859
618 219
31 436
680 442
884 717
387 780
199 282
103 158
629 618
408 866
443 126
744 412
652 573
235 614
215 25
53 281
54 153
713 772
683 254
972 802
43 863
246 378
38 105
856 15
307 635
345 813
346 75
115 266
797 464
776 830
303 653
17 902
474 769
555 575
270 174
23 343
427 776
624 884
237 553
681 326
827 291
61 710
211 657
118 567
801 570
877 601
335 455
563 429
121 386
134 555
876 630
569 394
1 543
382 507
848 650
535 79
60 352
316 263
692 752
375 519
361 807
698 84
93 83
797 640
420 14
443 63
738 110
478 646
731 760
71 454
533 503
594 625
902 212
429 339
628 926
805 648
935 713
310 547
189 402
455 266
295 688
940 683
693 877
225 651
366 639
208 771
597 930
377 199
714 565
377 63
921 885
96 515
449 152
810 200
953 101
717 527
79 65
160 611
734 466
20 529
632 914
85 219
658 667
25 609
687 41
46 163
706 938
57 461
951 740
603 646
896 753
419 774
354 46
266 98
323 111
895 861
107 964
384 558
91 868
963 159
485 207
624 602
822 669
144 276
111 718
183 173
205 192
873 737
710 838
865 952
316 436
852 937
923 651
628 694
415 597
236 54
518 489
462 513
735 470
315 552
120 598
941 692
317 719
946 683
747 749
324 253
416 571
509 167
242 546
794 950
599 937
85 94
729 365
880 976
788 659
144 46
674 874
776 69
686 747
819 979
21 413
761 839
320 523
859 354
143 421
273 206
662 544
58 345
831 870
327 530
792 909
31 928
915 680
805 137
129 99
828 683
833 109
265 713
837 248
585 791
802 503
343 611
606 362
255 280
137 76
178 310
549 261
219 21
384 409
57 805
274 869
22 399
337 479
413 514
749 755
491 594
40 528
955 502
962 893
691 723
333 207
158 878
14 36
381 127
571 19
939 787
313 186
355 230
220 554
986 83
24 520
984 853
138 77
984 730
692 651
162 194
346 232
809 587
629 555
481 522
317 356
282 134
835 507
84 699
90 696
386 575
980 103
428 389
50 582
751 434
21 71
261 925
652 661
679 807
169 87
46 416
214 459
422 644
735 53
873 565
602 29
841 438
677 24
399 545
313 526
888 44
834 184
629 256
411 476
657 913
179 501
783 684
405 782
316 765
613 524
778 979
185 660
735 121
263 461
646 145
481 939
979 459
710 583
721 967
336 155
129 852
611 864
327 758
297 333
889 427
520 414
532 76
101 155
314 799
337 426
466 923
984 687
423 2
329 752
807 336
274 764
368 239
685 884
140 213
11 464
768 539
794 278
401 188
404 223
43 643
195 393
457 627
796 114
782 638
917 136
350 11
703 699
464 309
907 629
378 976
289 907
578 508
802 926
161 177
217 12
677 51
110 140
348 879
774 919
118 348
307 63
475 219
484 282
979 164
192 306
711 531
722 203
656 741
895 711
567 874
919 567
577 463
751 324
464 699
467 528
514 472
108 215
770 846
330 796
310 981
378 577
790 95
268 103
217 723
669 131
584 208
271 748
609 184
56 734
6 139
706 373
597 599
675 309
327 581
57 417
90 219
473 639
185 69
424 149
577 369
280 367
748 817
678 635
418 453
607 437
556 867
557 107
705 98
190 762
122 20
17 541
469 860
914 238
181 802
865 945
938 175
829 398
960 336
851 419
67 573
603 927
160 227
126 24
533 952
693 201
10 391
835 769
128 838
834 805
100 916
526 299
17 456
56 680
92 190
76 539
510 814
313 242
371 442
410 394
482 609
546 279
209 788
349 463
186 979
975 47
617 583
709 548
673 451
414 675
606 180
382 105
773 120
60 72
130 703
797 972
562 440
767 798
652 136
770 388
535 530
289 361
186 79
386 80
701 636
548 273
574 545
627 930
646 642
442 363
773 899
605 573
39 445
170 624
743 56
502 293
117 941
170 438
549 714
343 287
493 804
3 161
167 423
777 828
48 91
34 847
271 595
436 79
860 908
81 722
632 979
598 248
981 224
306 878
128 114
342 667
188 404
626 984
266 951
263 811
490 771
107 870
109 43
424 685
321 496
431 426
554 91
955 158
748 482
650 140
355 926
472 471
640 718
493 425
701 250
373 558
267 926
161 877
959 477
228 185
434 958
717 427
236 374
92 19
593 37
263 966
283 885
80 507
384 688
648 18
675 334
603 253
199 270
536 381
681 884
442 504
593 906
371 890
392 896
172 889
638 331
146 41
419 277
376 297
546 29
395 567
309 758
935 429
43 704
83 418
85 394
451 582
693 203
342 43
308 676
753 558
724 153
563 166
68 453
451 471
739 425
795 516
525 948
823 691
202 69
511 221
115 732
152 508
194 670
32 524
822 979
389 550
881 888
73 45
736 69
504 582
652 745
929 450
784 520
911 888
201 431
628 661
424 416
543 566
106 155
752 527
841 671
110 707
772 340
979 415
464 816
618 459
543 967
969 232
772 507
482 972
28 929
199 471
309 179
111 844
2 784
761 68
744 140
545 493
981 28
693 951
72 116
201 29
387 752
279 877
963 228
157 293
430 381
379 509
527 716
479 5
526 870
930 86
148 338
697 184
924 632
835 386
893 349
785 188
474 253
771 97
6 803
227 466
820 357
54 183
858 477
113 546
593 291
784 490
205 459
813 392
485 881
56 958
626 429
419 185
186 148
86 275
932 822
973 158
269 162
806 829
240 393
737 973
661 892
918 122
495 96
337 447
136 361
339 866
503 224
127 798
511 725
739 782
120 40
191 850
432 420
490 230
592 220
314 72
981 70
721 70
278 504
578 713
359 824
909 197
659 709
986 927
115 982
315 40
23 463
147 262
300 280
252 225
237 883
218 807
77 162
138 261
175 866
469 155
753 32
148 673
122 517
575 172
170 280
650 245
338 678
506 743
549 899
573 305
909 388
597 820
130 301
75 673
64 670
375 845
431 591
714 738
366 861
551 846
246 202
19 252
311 287
186 161
777 424
745 342
122 732
896 779
15 445
904 822
717 402
539 354
226 955
564 410
909 300
646 128
188 483
869 345
961 744
800 229
141 873
289 194
265 97
211 66
631 243
669 359
961 854
772 467
431 387
182 165
917 515
113 226
683 61
984 981
470 608
381 27
327 372
151 445
791 159
667 302
839 627
492 895
661 912
338 555
272 375
877 258
584 510
779 224
636 162
178 19
936 123
496 690
524 674
362 422
806 95
720 215
224 849
298 568
33 3
465 598
871 523
251 520
323 903
213 748
966 474
369 8
256 550
396 233
358 703
110 300
628 380
57 133
763 508
90 216
570 539
630 411
495 355
724 1
157 896
67 341
214 516
837 948
161 51
898 856
595 843
775 386
373 787
429 609
397 632
350 509
977 511
957 758
947 662
21 758
145 526
138 420
618 967
34 226
343 183
369 472
170 340
557 155
54 515
926 882
936 589
810 721
833 506
259 374
674 778
772 643
738 303
477 313
208 307
722 766
491 652
467 200
640 192
660 824
920 112
593 830
742 510
713 196
970 765
771 17
98 359
504 359
821 33
180 479
683 919
752 178
825 151
457 282
866 723
729 893
101 49
467 209
76 497
77 8
729 279
179 447
971 977
40 983
386 767
81 779
970 252
455 950
352 509
106 369
752 740
658 527
897 717
184 16
6 116
745 944
338 83
450 354
360 945
215 507
142 905
626 971
238 822
955 922
188 4
354 307
598 475
176 478
515 328
953 544
45 233
448 733
692 206
413 432
435 840
440 18
756 419
5 198
886 140
814 18
212 427
40 252
594 904
884 271
909 460
139 730
66 269
411 484
966 22
828 664
483 697
448 724
195 919
794 651
672 393
986 601
401 783
186 443
222 576
189 872
188 976
121 307
420 601
918 166
12 277
181 442
974 249
351 293
530 957
291 605
737 363
3 292
614 17
741 872
105 1
177 839
129 740
792 793
596 295
869 207
102 758
767 286
640 744
16 771
291 462
935 412
668 753
908 826
891 594
193 356
387 166
23 652
101 673
765 955
986 774
972 379
371 359
336 323
691 558
213 873
495 453
875 738
762 772
86 738
51 316
351 556
670 912
858 234
553 166
460 463
367 581
872 525
468 533
819 986
345 659
736 850
93 427
863 652
479 568
689 506
893 719
484 559
93 626
977 455
759 476
141 529
327 416
733 87
919 961
594 328
793 579
806 637
24 923
740 241
813 176
687 188
49 949
191 630
638 394
31 375
658 978
336 134
154 149
836 937
105 244
221 853
311 386
317 354
869 832
32 931
587 825
14 759
490 252
492 707
3 259
224 960
30 936
487 82
401 962
589 561
370 489
904 49
631 635
653 682
768 854
694 793
865 921
275 710
557 769
892 768
890 899
444 502
887 898
502 243
801 520
252 289
72 498
23 7
760 521
959 353
779 304
337 613
336 726
291 490
187 629
773 308
170 399
145 270
165 136
498 301
297 475
247 465
185 367
269 869
493 49
813 360
7 252
677 190
805 73
756 259
97 5
500 577
708 635
269 956
696 408
328 29
626 476
403 224
890 876
875 120
33 568
879 761
38 385
976 552
685 389
64 497
796 546
672 289
341 805
345 162
680 27
402 542
644 638
26 783
887 254
279 453
896 595
760 845
231 633
214 330
197 680
862 12
978 761
869 561
595 59
18 518
607 344
773 352
723 640
292 923
730 911
512 246
254 864
367 67
595 497
499 766
734 606
383 67
253 536
949 150
587 191
660 95
475 172
240 802
477 576
722 496
940 451
68 53
679 884
386 688
577 857
136 439
851 861
348 377
620 263
801 443
857 361
436 29
869 321
273 96
878 497
55 48
846 158
208 222
64 56
655 956
90 222
790 710
664 97
186 176
61 325
797 912
708 810
910 746
642 306
678 11
550 860
555 137
667 294
524 818
62 881
36 876
566 892
218 173
625 731
441 650
584 840
83 668
601 95
947 656
840 502
200 767
168 776
686 415
877 138
894 24
586 809
97 758
301 56
204 763
467 27
674 129
858 919
843 457
751 584
221 24
149 747
906 803
389 541
630 753
259 33
455 615
678 859
349 976
483 783
134 553
342 411
487 731
474 3
935 583
243 825
724 9
11 622
144 952
454 720
291 520
958 542
104 255
834 965
524 508
641 770
569 144
91 97
834 651
296 944
975 335
355 773
448 342
601 144
321 515
890 152
680 513
847 927
152 196
246 18
800 741
270 660
606 274
240 556
294 644
99 409
944 869
9 564
626 977
791 558
167 901
79 807
562 319
88 853
785 228
623 886
421 656
739 365
759 732
278 684
95 820
774 332
872 852
333 767
944 722
173 128
440 402
727 356
360 366
18 345
16 854
827 306
524 933
249 731
143 390
21 787
653 514
653 973
485 742
567 523
769 366
368 567
460 31
261 527
299 411
28 160
325 576
603 73
206 361
536 190
197 759
464 958
31 239
431 138
702 771
419 9
510 543
863 247
807 27
461 201
389 823
763 854
362 392
89 779
49 149
912 763
146 809
308 296
914 959
68 723
750 606
419 779
644 595
96 880
553 588
245 979
515 708
228 360
727 235
625 319
673 746
115 780
756 774
704 804
289 34
680 622
36 967
679 687
171 66
891 902
358 948
414 17
897 105
973 660
761 502
43 595
83 21
968 130
895 402
823 337
109 974
2 574
132 206
831 890
482 653
162 961
397 286
45 759
671 583
522 2
838 619
571 940
51 555
912 205
15 506
741 299
194 958
286 413
88 388
787 2
258 354
279 536
174 304
976 543
734 85
494 441
189 149
248 847
801 838
197 437
476 679
846 840
885 435
595 712
264 163
29 711
727 791
615 944
790 325
626 916
419 98
248 81
636 567
982 122
287 561
682 110
555 269
970 523
131 960
633 920
118 239
104 671
841 235
554 378
807 28
349 591
479 255
81 324
318 742
506 910
451 460
394 932
973 784
615 627
375 431
662 396
25 206
756 240
190 271
506 29
788 894
23 239
67 282
159 330
469 691
984 320
828 510
276 931
689 669
610 290
296 81
888 523
208 824
765 49
967 224
435 422
560 930
250 804
949 624
567 33
200 955
402 299
792 607
316 338
198 764
424 585
228 419
420 541
518 935
334 560
902 957
672 275
44 445
424 188
873 716
697 203
608 506
40 919
972 256
349 126
901 948
104 756
321 914
527 267
158 977
71 529
955 329
497 46
604 541
887 872
536 432
404 416
427 698
101 431
135 336
856 399
567 134
531 481
33 420
661 691
582 778
697 647
521 286
207 73
416 641
654 171
419 963
970 499
7 696
25 336
266 57
841 477
245 728
618 287
984 499
565 239
877 77
791 637
226 961
98 906
11 634
11 1
413 472
368 621
132 811
810 738
44 514
190 186
228 931
619 126
819 336
90 957
843 35
82 297
176 793
856 406
89 657
163 952
917 921
612 745
118 315
743 475
711 743
712 223
808 595
684 157
50 947
687 837
690 778
782 732
253 103
109 696
437 475
256 857
631 445
524 463
319 221
782 901
627 699
403 325
386 279
389 890
835 115
283 901
469 946
291 398
772 445
314 430
373 864
120 798
376 369
321 973
620 172
435 69
292 556
413 128
524 375
543 21
134 356
103 482
543 775
38 317
133 753
941 805
799 241
968 307
457 511
130 271
242 981
829 411
376 265
162 839
984 456
896 20
456 304
3 983
29 701
7 64
840 279
544 349
433 32
166 38
420 720
455 260
517 281
721 291
461 658
10 570
912 375
692 420
72 698
513 575
61 819
66 235
174 376
736 434
193 898
411 496
713 347
34 819
145 732
899 800
209 770
804 611
696 364
812 40
209 5
598 792
567 310
254 66
897 302
737 689
455 658
43 833
288 168
127 673
666 366
867 419
962 690
189 922
403 281
775 28
648 413
873 390
625 862
406 913
646 967
580 768
530 332
880 534
807 237
421 77
794 162
388 845
6 404
501 319
374 39
599 442
134 572
914 980
292 139
744 206
582 92
432 835
18 794
336 922
834 47
434 631
254 513
627 193
504 677
376 218
637 192
986 773
219 868
754 297
593 749
333 212
522 22
795 412
564 880
47 315
910 721
505 939
130 712
901 498
25 844
153 263
9 733
618 526
340 233
140 523
667 255
73 37
958 571
360 553
942 849
695 301
656 100
214 283
217 613
455 633
761 206
724 883
139 15
305 848
53 499
57 61
40 3
519 352
261 933
80 772
245 470
173 345
49 331
927 538
753 341
94 144
408 406
669 79
90 885
269 727
366 677
336 904
647 536
940 803
486 776
417 887
622 947
915 273
552 415
654 419
303 691
955 258
536 148
222 929
338 601
10 138
193 378
711 461
915 901
271 156
599 907
302 514
910 476
962 231
599 691
828 893
855 20
250 776
609 455
743 361
964 841
540 939
750 610
367 32
387 757
419 36
602 23
787 309
720 240
439 400
206 389
381 839
746 646
825 91
883 547
845 946
298 61
827 757
907 986
857 428
14 757
159 953
936 411
459 29
275 659
722 855
719 136
306 368
288 654
606 457
237 346
864 583
761 544
461 455
246 40
741 881
552 701
468 399
397 490
200 591
559 194
728 198
432 797
271 828
26 359
391 793
581 98
88 569
327 757
184 178
517 16
520 862
591 931
975 981
264 202
947 847
658 947
128 682
878 309
117 850
387 347
492 862
178 758
180 408
217 70
259 478
560 636
851 386
609 829
287 500
805 119
520 526
423 78
6 50
7 320
173 696
790 292
735 795
4 535
81 396
670 100
357 156
602 403
535 49
973 141
260 722
546 500
714 405
329 875
950 647
94 549
112 916
116 836
321 223
526 11
286 481
966 263
888 463
551 843
292 929
920 458
441 599
647 899
195 397
766 35
680 544
328 554
510 822
166 660
387 329
745 657
411 677
217 886
435 63
20 922
475 570
777 545
190 3
414 317
70 323
40 189
866 49
96 804
925 325
158 806
488 121
145 937
789 128
347 661
614 159
372 651
356 922
15 968
920 463
200 540
865 160
405 691
686 363
462 956
784 970
51 6
183 541
523 58
983 172
927 481
28 842
414 733
56 868
458 664
384 811
920 909
61 740
549 675
236 884
720 202
385 204
81 189
334 153
523 828
66 500
692 157
124 162
179 66
487 901
54 232
511 500
494 841
940 700
524 899
102 804
231 302
849 939
302 570
128 835
911 535
975 379
227 556
448 346
619 293
231 12
730 288
513 336
509 426
805 845
112 801
332 63
64 479
981 209
488 387
416 226
130 848
921 702
779 767
961 866
177 756
498 68
93 258
521 607
685 137
559 656
832 13
188 534
669 224
907 695
139 122
309 262
879 211
745 653
801 25
729 548
893 499
380 893
187 16
445 301
211 406
394 544
217 438
418 241
115 818
701 519
6 967
250 801
680 894
619 831
448 595
74 120
681 400
612 278
424 135
951 240
112 394
973 750
297 85
23 733
854 430
505 154
413 544
240 261
421 444
333 10
709 293
191 774
860 588
58 310
544 363
504 845
821 881
914 53
520 793
595 242
778 70
463 480
909 580
935 708
648 979
534 357
722 937
652 592
214 64
418 144
930 782
370 185
561 224
545 46
31 570
344 142
738 431
280 461
797 986
637 667
