24
0 4016 8552 5406 9167 5568 3005 6037 3727 7207 2343 7649 3686 1398 4182 1096 1361 2905 2031 5100 7187 8731 2237 7766
4016 0 6154 3008 6769 3170 2413 3639 7023 4809 1863 5251 6982 4694 1784 4392 2895 6201 2819 2702 4789 6333 5533 5368
8552 6154 0 4566 1191 3484 6949 3147 11559 2719 6399 1043 11518 9230 4880 8928 7431 10737 7355 5368 1509 755 10069 1756
5406 3008 4566 0 5181 1582 3803 2051 8413 3221 3253 3663 8372 6084 1734 5782 4285 7591 4209 2222 3201 4745 6923 3780
9167 6769 1191 5181 0 4099 7564 3762 12174 3334 7014 1658 12133 9845 5495 9543 8046 11352 7970 5983 2124 1020 10684 2371
5568 3170 3484 1582 4099 0 3965 969 8575 2139 3415 2581 8534 6246 1896 5944 4447 7753 4371 2384 2119 3663 7085 2698
3005 2413 6949 3803 7564 3965 0 4434 6012 5604 852 6046 5971 3683 2579 3381 1884 5190 1808 3497 5584 7128 4522 6163
6037 3639 3147 2051 3762 969 4434 0 9044 1802 3884 2244 9003 6715 2365 6413 4916 8222 4840 2853 1782 3326 7554 2361
3727 7023 11559 8413 12174 8575 6012 9044 0 10214 5350 10656 1325 2843 7189 3809 4368 1952 5038 8107 10194 11738 3198 10773
7207 4809 2719 3221 3334 2139 5604 1802 10214 0 5054 1816 10173 7885 3535 7583 6086 9392 6010 4023 1354 2898 8724 1933
2343 1863 6399 3253 7014 3415 852 3884 5350 5054 0 5496 5309 3021 2029 2719 1222 4528 1146 2947 5034 6578 3860 5613
7649 5251 1043 3663 1658 2581 6046 2244 10656 1816 5496 0 10615 8327 3977 8025 6528 9834 6452 4465 606 1222 9166 853
3686 6982 11518 8372 12133 8534 5971 9003 1325 10173 5309 10615 0 2802 7148 3768 4327 1911 4997 8066 10153 11697 3157 10732
1398 4694 9230 6084 9845 6246 3683 6715 2843 7885 3021 8327 2802 0 4860 1480 2039 2021 2709 5778 7865 9409 1353 8444
4182 1784 4880 1734 5495 1896 2579 2365 7189 3535 2029 3977 7148 4860 0 4558 3061 6367 2985 1428 3515 5059 5699 4094
1096 4392 8928 5782 9543 5944 3381 6413 3809 7583 2719 8025 3768 1480 4558 0 1737 2987 2407 5476 7563 9107 2319 8142
1361 2895 7431 4285 8046 4447 1884 4916 4368 6086 1222 6528 4327 2039 3061 1737 0 3546 910 3979 6066 7610 2878 6645
2905 6201 10737 7591 11352 7753 5190 8222 1952 9392 4528 9834 1911 2021 6367 2987 3546 0 4216 7285 9372 10916 2376 9951
2031 2819 7355 4209 7970 4371 1808 4840 5038 6010 1146 6452 4997 2709 2985 2407 910 4216 0 3903 5990 7534 3548 6569
5100 2702 5368 2222 5983 2384 3497 2853 8107 4023 2947 4465 8066 5778 1428 5476 3979 7285 3903 0 4003 5547 6617 4582
7187 4789 1509 3201 2124 2119 5584 1782 10194 1354 5034 606 10153 7865 3515 7563 6066 9372 5990 4003 0 1688 8704 723
8731 6333 755 4745 1020 3663 7128 3326 11738 2898 6578 1222 11697 9409 5059 9107 7610 10916 7534 5547 1688 0 10248 1935
2237 5533 10069 6923 10684 7085 4522 7554 3198 8724 3860 9166 3157 1353 5699 2319 2878 2376 3548 6617 8704 10248 0 9283
7766 5368 1756 3780 2371 2698 6163 2361 10773 1933 5613 853 10732 8444 4094 8142 6645 9951 6569 4582 723 1935 9283 0
