903 1862
288 597
823 106
98 203
616 276
725 414
125 88
751 260
650 383
320 224
66 467
180 95
71 141
699 717
248 55
447 633
303 846
167 448
335 788
727 534
765 394
749 667
862 458
371 32
264 287
48 609
485 121
657 291
469 773
657 550
197 710
163 55
826 707
114 164
613 206
532 197
510 634
249 33
512 885
550 335
819 167
250 445
215 791
296 829
617 293
12 899
237 477
448 694
592 131
167 749
249 352
784 565
881 272
115 53
226 711
171 263
766 878
213 886
710 604
490 102
325 132
38 757
899 360
41 189
252 217
894 664
586 681
312 851
385 99
78 325
762 128
11 546
289 655
336 243
536 156
1 657
682 278
675 474
656 74
675 502
396 128
382 418
113 702
392 349
467 109
674 111
876 247
434 862
647 149
633 465
508 694
736 256
593 295
745 41
824 472
148 808
791 461
70 744
76 140
762 840
852 391
18 277
93 442
616 56
210 268
697 409
438 211
437 841
385 392
297 318
464 143
63 372
485 674
277 405
595 624
338 357
515 626
660 60
665 610
777 888
268 207
622 138
141 738
808 834
383 260
483 597
409 666
618 597
640 900
883 417
736 664
424 788
256 519
709 379
429 382
678 592
316 830
667 718
541 894
126 481
382 252
310 329
646 824
188 480
504 106
607 626
645 92
42 342
371 734
101 318
391 483
886 522
877 227
54 465
676 671
508 682
534 862
539 672
97 117
740 103
377 434
508 841
211 160
884 108
371 822
745 895
504 811
196 545
858 300
307 328
237 428
43 734
780 659
289 677
258 643
133 386
87 272
239 611
657 153
72 860
846 296
403 318
762 661
547 768
605 95
510 726
95 470
834 812
589 896
896 257
790 249
496 112
131 812
778 423
237 124
664 258
335 334
689 891
587 650
345 43
592 735
683 296
739 855
836 688
158 785
476 295
828 76
673 696
832 497
213 838
731 450
700 883
225 195
806 591
181 862
277 5
713 199
824 690
566 845
644 434
353 783
783 452
732 769
801 496
812 862
14 121
644 813
114 870
266 599
376 747
158 359
186 59
244 707
674 667
172 583
51 430
679 16
849 374
836 416
509 712
426 691
619 736
284 175
547 233
754 766
856 349
370 295
315 231
99 306
482 195
745 565
804 660
625 708
682 328
521 736
693 887
210 584
161 370
435 50
761 179
119 311
790 392
655 717
408 638
698 567
32 164
42 524
872 894
483 402
272 813
681 716
77 491
818 463
305 224
253 170
817 141
341 711
490 482
608 443
664 776
130 51
95 789
795 661
206 580
796 636
178 689
642 9
621 593
384 878
880 882
251 772
307 534
92 845
99 728
704 854
544 480
266 132
622 228
770 171
173 232
304 270
140 426
785 494
885 149
190 532
711 792
625 888
627 620
483 645
587 298
91 257
131 256
319 305
19 874
573 303
635 864
806 741
757 562
203 259
413 515
136 2
895 528
684 273
336 687
160 503
34 186
549 190
632 582
423 678
612 200
282 451
193 676
711 341
857 692
307 621
839 598
336 678
172 897
432 324
437 168
297 171
687 297
47 19
401 751
143 620
241 488
187 91
195 606
107 157
894 651
859 487
534 616
315 511
423 630
191 95
485 382
711 345
741 754
550 54
847 592
796 293
358 669
325 838
239 768
41 151
228 684
707 220
304 148
175 755
452 20
659 84
590 139
846 380
849 424
350 314
664 206
447 836
69 647
404 70
318 89
618 118
767 28
439 17
335 160
120 378
194 74
412 53
479 154
679 209
420 354
538 13
228 683
564 634
756 702
169 380
775 515
479 285
889 30
670 245
47 185
253 458
291 619
627 312
99 371
263 267
397 107
718 817
10 38
727 616
785 458
495 164
891 512
50 621
781 794
44 518
669 139
411 234
748 644
551 540
71 523
554 150
809 422
403 459
480 124
852 855
786 888
201 182
96 497
64 863
449 711
568 757
333 292
590 156
629 276
216 613
797 117
657 77
742 634
782 587
736 768
689 833
803 851
211 435
796 440
507 462
200 438
364 359
498 592
673 284
584 284
782 675
884 717
61 7
681 637
449 506
141 378
239 38
481 380
635 741
802 228
415 252
146 512
383 125
458 459
835 459
526 397
91 587
493 819
224 547
301 790
502 500
749 2
473 831
294 197
595 392
373 596
9 526
21 772
410 848
895 576
474 15
223 829
496 677
689 93
746 6
31 879
367 303
59 805
280 54
814 2
304 818
468 442
434 173
698 502
607 900
631 872
135 647
569 737
633 892
782 208
56 432
165 781
665 108
886 772
465 502
263 522
625 46
715 774
898 506
283 591
257 275
521 177
740 3
580 31
188 391
167 897
846 691
760 198
825 372
705 667
875 676
553 847
652 594
513 387
876 778
879 421
681 780
756 464
794 565
279 69
743 47
845 166
407 314
381 91
440 424
449 302
374 848
71 581
471 800
207 5
543 577
30 684
821 175
368 836
384 558
539 217
634 201
85 681
548 483
845 95
371 744
669 337
671 605
691 764
813 71
800 671
692 210
86 353
198 666
588 278
271 26
901 511
669 115
643 274
711 361
120 400
634 67
411 582
174 248
364 244
204 439
557 832
372 272
887 516
758 787
902 660
137 75
747 597
289 256
681 217
640 749
886 445
673 800
898 294
669 799
440 834
114 562
550 413
204 601
465 245
104 264
749 755
16 761
473 85
791 583
193 86
138 164
498 659
615 863
191 185
360 251
680 751
682 767
150 216
372 405
196 270
400 891
406 508
392 496
706 891
321 97
582 659
197 297
307 361
292 823
559 586
324 566
253 443
888 148
779 487
241 203
285 370
18 280
222 93
772 320
65 311
854 76
401 194
731 807
528 898
412 802
80 216
135 770
97 716
323 198
107 149
899 27
126 841
643 30
151 303
210 370
196 799
656 813
731 483
529 34
167 175
118 108
434 103
548 890
864 778
168 785
337 315
483 123
329 148
36 418
314 659
505 241
43 279
246 818
614 727
615 666
45 3
374 268
696 420
454 803
307 584
201 494
740 303
600 739
673 79
432 353
342 519
384 638
232 654
263 718
51 508
677 528
507 565
606 788
39 359
591 778
261 659
869 724
637 45
506 529
197 833
518 142
746 593
761 116
362 674
148 556
293 202
245 887
304 290
747 214
876 37
753 227
845 637
65 161
157 603
139 240
360 46
324 649
790 268
629 855
671 86
503 815
659 301
370 257
118 642
619 107
330 556
585 82
850 317
501 517
571 381
623 378
449 877
177 577
472 281
861 460
4 758
798 621
778 801
310 598
494 740
835 477
94 790
728 179
41 297
59 525
619 827
123 485
60 63
393 501
762 903
597 3
126 742
354 799
743 621
505 698
144 859
455 74
168 81
520 134
497 336
300 598
136 655
105 320
115 164
663 887
577 324
66 707
215 193
146 840
308 719
256 802
775 596
259 18
797 664
269 512
329 218
556 33
519 175
649 84
722 642
439 311
407 613
899 83
795 863
777 504
487 597
861 328
490 472
295 358
336 349
64 295
429 418
902 36
550 449
621 595
715 862
216 278
476 261
153 747
318 398
785 692
254 811
281 501
174 770
675 827
729 572
657 303
694 99
899 748
389 359
516 757
832 674
887 82
782 631
815 294
106 769
555 531
379 639
541 498
781 664
874 266
430 804
240 897
738 461
562 159
841 494
362 514
128 897
189 40
817 510
196 635
640 646
302 797
430 188
108 532
897 697
236 763
858 4
75 306
882 445
332 728
173 882
764 699
290 296
429 286
20 868
716 707
539 385
44 123
671 723
506 124
33 817
536 589
558 526
244 338
694 697
551 96
663 524
478 137
82 155
544 199
5 102
159 45
489 817
299 109
657 489
861 308
311 765
826 835
208 33
475 678
468 389
236 745
411 763
298 62
827 206
193 375
266 111
13 164
767 182
53 296
518 354
252 211
507 640
683 464
628 441
758 91
626 883
684 266
774 26
596 17
737 40
128 283
539 729
61 661
172 197
449 44
508 92
592 663
776 296
540 257
392 327
764 704
103 829
159 160
183 883
506 294
630 471
740 840
617 802
361 854
512 231
628 745
634 141
338 139
17 712
406 317
184 636
333 538
764 324
291 400
139 36
877 675
155 100
657 794
825 105
257 895
285 500
416 132
288 434
532 352
862 778
573 418
242 380
649 4
119 475
429 490
732 664
307 383
453 831
835 43
23 679
687 794
585 334
622 144
791 840
614 446
288 457
340 405
160 78
493 838
278 71
619 664
667 149
100 50
80 203
802 865
523 643
692 485
843 33
794 16
762 396
393 231
255 615
55 49
595 100
34 610
646 80
246 409
449 771
526 255
677 806
225 69
121 719
590 444
706 370
285 778
811 692
501 428
100 81
67 168
195 383
556 860
853 364
614 101
386 508
547 611
270 254
660 277
461 163
96 274
100 716
709 117
51 790
434 511
733 111
727 625
360 22
533 808
165 206
20 138
248 321
670 68
374 641
671 405
833 506
741 209
32 780
33 242
146 70
21 472
664 268
672 421
833 800
282 844
725 216
489 219
18 249
571 373
816 897
295 601
681 614
872 504
467 38
879 223
758 329
319 377
102 891
267 729
586 99
864 257
534 308
135 283
798 233
875 280
343 389
636 198
848 489
339 431
289 838
435 830
109 851
387 219
600 712
806 892
371 879
412 557
531 417
200 794
846 689
450 862
325 173
166 130
316 718
599 13
457 513
3 310
833 461
185 143
202 855
297 678
27 605
586 299
420 594
682 141
212 807
274 582
484 601
583 831
272 46
476 262
79 278
339 723
502 109
268 380
303 528
274 224
350 448
335 308
287 433
666 135
154 486
411 509
87 254
290 777
794 182
851 366
361 30
804 566
491 501
254 740
495 79
63 454
304 357
382 617
239 74
404 832
22 27
541 610
728 716
583 668
696 501
606 152
401 228
463 546
427 69
637 681
543 878
239 381
278 587
136 571
620 310
233 647
646 870
792 753
498 408
461 100
657 213
749 359
274 872
167 285
155 822
838 423
677 464
381 318
476 380
579 447
406 834
308 260
299 388
123 216
51 615
549 178
21 68
515 126
169 203
889 239
463 388
232 678
90 347
396 323
753 210
382 44
777 34
686 537
64 888
781 538
850 228
435 345
128 453
438 520
900 184
684 202
812 407
671 476
88 371
235 689
714 235
697 356
755 359
519 902
613 536
339 414
249 365
50 326
769 10
426 447
775 451
321 825
569 677
290 414
424 62
281 577
323 647
568 160
308 411
846 810
150 102
596 613
25 757
544 8
32 220
711 116
307 82
697 43
38 64
130 344
134 81
265 641
299 656
744 622
526 426
1 144
421 728
449 361
287 291
403 72
188 721
876 495
440 195
95 216
812 94
482 143
502 769
52 80
297 755
628 899
169 495
243 679
376 591
536 458
72 766
677 500
52 572
716 195
521 597
498 158
638 225
583 341
718 708
384 755
888 751
878 88
10 216
237 176
475 393
654 563
30 401
148 61
740 460
715 685
41 360
804 86
442 475
522 81
172 397
582 789
269 379
84 334
357 232
488 644
431 684
841 128
165 582
496 478
280 656
869 787
466 71
338 559
718 26
198 205
294 410
131 4
460 259
422 56
543 134
17 475
111 881
19 808
97 597
703 423
427 862
31 773
638 567
841 732
473 487
496 469
494 832
443 573
531 533
225 301
833 304
4 415
645 540
442 38
720 643
830 747
849 42
469 294
228 777
227 771
674 872
696 603
474 604
756 170
872 380
568 820
678 324
41 334
672 248
605 854
56 675
58 708
99 839
406 138
409 713
692 154
289 803
844 160
844 365
58 224
528 59
569 801
472 823
658 690
1 349
205 842
205 661
722 330
687 731
635 154
28 401
604 509
570 547
22 292
65 41
124 666
307 20
574 673
774 338
84 799
848 623
779 815
634 365
228 372
88 846
438 60
490 130
22 328
415 626
822 470
685 625
514 197
829 17
201 796
845 614
754 624
332 703
885 293
435 850
616 299
386 817
636 393
467 507
768 870
568 515
436 540
73 817
61 849
290 558
59 684
559 129
765 589
200 154
41 281
792 511
316 50
710 843
344 454
36 366
720 727
886 455
156 288
599 443
715 166
74 255
37 772
650 369
796 189
431 138
364 159
572 526
207 772
746 860
325 772
587 241
402 761
440 316
495 867
888 592
320 455
126 698
820 530
586 374
821 59
518 501
82 358
708 54
284 411
213 299
31 558
714 723
813 51
281 162
600 250
235 858
21 401
412 644
893 402
159 818
237 515
294 672
31 535
876 112
788 100
764 743
243 319
885 884
321 473
711 684
424 275
171 187
695 612
590 330
647 844
878 721
199 254
15 179
192 584
30 91
359 387
696 509
625 892
3 897
203 179
410 31
515 9
551 753
182 523
151 260
192 790
308 127
607 48
68 885
779 692
597 677
798 165
802 527
820 271
111 625
115 425
124 162
231 824
397 272
143 476
147 793
900 758
27 319
637 507
363 816
42 263
226 616
686 327
512 881
697 724
865 253
781 699
870 878
598 729
819 668
89 260
509 79
627 11
893 383
764 715
47 372
454 640
592 374
629 420
573 631
723 748
355 861
132 275
82 248
185 180
333 543
119 455
72 760
828 151
295 461
824 332
788 773
271 398
519 322
333 235
545 825
547 502
838 742
110 249
390 774
617 66
5 59
857 793
362 473
119 774
869 567
546 388
747 848
333 228
262 160
502 750
374 723
772 255
688 806
13 514
92 555
397 110
535 328
392 61
468 197
511 225
296 547
703 296
797 456
66 831
527 533
768 653
417 337
351 665
436 841
157 804
340 366
273 8
873 484
747 544
767 347
471 480
239 457
371 636
337 900
547 793
107 132
695 433
404 692
353 719
689 610
728 387
553 869
791 722
386 250
563 806
228 771
636 77
894 239
469 397
842 290
754 589
402 819
828 187
115 205
618 681
78 128
322 784
532 899
596 62
617 343
526 571
4 801
83 210
29 807
303 375
486 61
782 820
90 166
771 37
222 268
846 785
705 313
283 152
800 467
436 512
508 831
52 141
606 289
790 568
126 28
42 103
647 710
513 115
555 789
738 88
232 526
741 691
119 302
880 484
119 656
712 577
252 508
406 394
209 471
675 292
587 883
517 223
719 504
408 337
35 415
470 55
164 435
375 515
30 703
511 491
499 708
788 532
755 14
331 384
461 167
467 64
693 657
1 532
607 284
350 186
298 273
174 481
159 689
327 339
576 31
868 568
459 168
451 831
306 435
301 695
199 59
152 281
339 716
69 603
240 716
540 497
137 641
192 414
84 239
439 689
544 376
138 140
286 758
236 369
632 448
558 503
559 538
900 484
831 442
633 423
657 662
698 560
721 836
874 708
90 797
592 252
169 272
818 65
708 280
780 189
840 144
364 547
110 75
496 709
228 50
583 274
515 457
690 609
509 893
738 885
298 646
558 39
111 723
572 839
371 757
561 466
290 798
559 509
526 576
876 279
771 600
403 415
441 848
676 14
661 105
184 611
24 98
5 539
4 563
138 185
430 91
234 245
217 91
129 103
377 680
355 229
673 149
555 514
384 664
558 525
390 25
106 346
868 682
353 824
615 629
470 335
609 111
658 500
630 791
43 101
117 246
47 629
729 57
124 136
89 589
200 584
331 373
893 444
310 278
117 477
24 298
315 509
617 685
636 241
553 776
75 598
612 301
668 898
632 483
42 834
642 817
827 669
457 154
561 167
256 235
562 373
621 459
259 288
706 564
67 224
749 39
145 185
154 559
394 395
730 500
587 316
628 831
151 553
853 490
428 670
640 350
616 77
901 303
187 196
81 825
545 651
508 851
697 816
661 794
269 744
166 669
5 326
488 671
109 455
244 527
797 890
75 456
42 710
116 62
62 259
896 316
867 408
899 193
374 696
358 422
822 497
234 570
146 205
607 785
614 546
794 779
69 87
456 356
275 808
374 174
885 512
445 862
823 846
809 126
649 50
99 455
538 471
828 746
625 136
752 885
78 896
328 593
113 449
132 240
852 265
286 467
757 750
291 885
807 211
609 584
574 432
153 884
887 603
356 63
871 712
697 656
807 160
230 358
190 759
671 250
432 758
93 67
525 470
343 671
73 546
355 95
296 537
605 852
650 347
64 479
211 599
470 405
130 669
353 332
409 5
341 637
15 497
324 826
234 825
266 732
33 610
161 88
736 175
222 642
667 204
320 364
393 618
873 656
60 825
296 858
523 359
118 665
191 253
217 660
236 103
81 56
409 475
604 761
678 229
302 706
668 350
100 776
690 280
613 447
324 46
164 557
60 381
319 655
358 131
712 467
23 472
447 327
451 825
567 305
184 560
542 209
819 406
250 746
141 585
606 647
547 888
796 49
194 146
537 762
368 86
658 65
277 160
478 174
564 254
656 572
245 82
