7 3
1.8
13.964 4.258 8.639
6.858 1.471 1.520
7.977 2.024 4.196
11.907 7.873 5.563
11.491 8.773 1.825
20.451 10.016 17.465
12.712 7.150 14.913
3.323 17.671 9.856
5.039 17.881 0.437
1.574 7.276 18.811
12.389 18.634 5.176
3.182 9.175 1.561
4.965 10.586 2.798
2.682 5.564 9.010
1.274 0.759 3.502
0.694 10.671 2.010
5.991 15.895 18.939
13.285 13.608 43.707
12.924 20.334 11.480
10.807 14.385 3.367
8.942 7.074 17.450
16.191 3.471 9.164
8.130 14.740 9.245
1.251 0.224 4.269
14.015 3.166 1.777
21.589 2.761 4.149
6.948 17.544 9.587
1.494 8.306 6.566
1.802 1.548 2.440
3.494 9.329 19.286
0.520 3.408 4.598
6.487 0.886 14.264
1.267 16.291 3.697
6.302 7.928 0.718
8.147 2.229 7.895
10.749 2.165 1.288
2.736 0.779 6.323
0.201 2.504 0.837
5.343 7.647 9.116
8.386 0.555 17.070
5.968 10.217 0.951
18.340 14.873 14.093
4.316 16.447 8.024
5.502 10.319 5.959
9.566 6.912 0.017
2.328 10.420 1.887
3.401 3.392 3.794
1.351 6.670 3.070
18.871 1.896 21.864
4.579 13.347 5.158
9.930 4.585 12.351
10.903 8.328 12.754
6.470 0.445 5.608
20.269 10.969 9.036
9.309 6.951 5.815
1.635 9.329 7.665
5.932 11.752 21.230
4.466 5.205 20.073
1.669 5.392 11.425
6.067 8.523 10.144
17.771 7.629 13.697
17.691 5.326 10.691
19.954 6.464 14.562
17.293 22.001 5.054
22.330 1.472 4.965
26.138 9.249 7.842
9.717 1.213 1.963
10.629 5.321 2.989
4.924 16.644 5.903
10.321 3.255 4.571
12.680 3.452 17.481
27.486 1.629 6.667
1.039 13.247 11.609
7.812 10.536 11.786
2.241 5.159 11.221
22.700 19.847 4.449
6.543 2.452 2.790
16.353 4.312 1.697
3.321 6.195 14.585
0.079 3.086 7.556
12.527 23.938 10.725
3.604 0.587 0.562
2.273 14.260 13.231
8.851 11.425 0.639
4.909 19.281 12.017
3.872 3.340 8.756
1.905 0.091 0.889
16.290 26.729 5.081
1.357 8.312 13.241
0.644 3.935 2.263
1.249 0.585 2.406
3.724 2.569 2.254
4.363 17.051 9.670
3.199 9.047 7.284
8.900 4.538 1.676
15.050 4.445 23.135
4.270 10.696 2.350
9.632 16.445 11.689
10.129 4.247 3.264
4.334 16.394 8.954
3.904 3.967 9.110
13.423 3.280 13.847
7.648 21.793 9.293
8.770 11.381 3.645
19.972 3.105 1.737
22.700 3.215 4.974
24.999 0.364 21.693
26.910 4.381 7.689
0.351 11.323 3.818
18.904 15.751 1.062
2.109 19.656 10.114
11.984 7.380 6.261
13.988 9.370 12.342
1.414 10.672 22.696
3.134 7.316 2.265
2.886 2.584 5.882
0.834 1.720 8.117
5.315 3.678 9.416
19.936 3.436 12.837
4.620 11.414 10.509
12.892 11.328 10.386
25.089 16.093 14.670
7.195 0.655 6.695
2.224 2.587 9.272
8.116 5.509 5.863
2.247 3.363 1.005
14.880 4.618 6.312
2.152 1.631 2.877
17.076 3.845 14.311
0.966 21.042 7.359
10.627 16.956 3.691
23.984 9.411 10.601
2.221 13.810 17.468
9.682 2.746 3.512
14.114 2.526 6.197
11.384 5.772 24.964
10.911 4.507 8.615
24.666 7.594 7.151
22.243 7.352 7.968
3.899 2.673 9.843
8.259 5.539 9.294
19.401 2.056 22.156
7.007 0.785 12.708
2.400 1.699 9.151
5.874 5.623 4.011
2.874 2.016 0.922
3.703 11.149 1.114
10.288 0.281 1.714
2.322 13.332 8.240
2.191 12.966 11.199
7.860 9.955 13.090
2.253 12.584 18.632
15.397 7.113 11.085
4.986 4.956 6.043
5.829 0.141 8.053
6.306 3.118 6.541
12.822 9.113 10.851
1.319 7.513 14.495
14.824 6.569 10.619
9.993 8.115 1.425
5.891 14.264 11.624
10.676 6.511 0.238
15.038 10.606 1.116
2.088 7.534 12.996
1.304 1.169 6.716
3.720 3.018 3.199
12.997 3.090 4.837
15.454 10.589 1.181
0.036 19.014 0.637
1.150 16.767 4.753
5.493 5.140 14.068
22.807 17.787 9.635
10.666 0.066 4.221
0.412 16.003 6.076
10.285 28.011 10.221
7.689 13.049 7.945
1.540 1.946 1.809
1.681 8.264 6.125
17.797 10.200 11.469
1.499 9.233 4.390
3.450 10.735 12.411
6.894 7.782 9.110
9.757 2.010 0.941
13.167 0.681 9.318
9.377 7.907 5.850
1.187 5.486 5.122
9.233 8.324 21.219
8.728 8.295 8.787
7.507 5.158 11.107
18.014 5.741 2.009
21.906 2.292 11.630
11.788 12.670 15.431
11.931 19.207 7.941
6.654 14.317 1.582
0.088 2.296 1.791
6.286 2.427 0.404
1.851 0.966 2.511
16.836 2.916 3.716
10.005 0.737 0.462
0.162 7.695 20.858
1.597 10.249 22.930
5.076 14.818 7.816
20.591 7.909 6.252
11.838 15.447 4.920
1.391 11.530 0.661
2.018 8.014 9.038
8.166 4.041 10.251
4.658 3.894 9.670
13.622 4.497 5.533
8.194 11.537 6.908
4.634 5.874 7.812
0.287 10.137 2.024
15.304 12.320 13.560
5.797 3.711 3.207
10.741 4.474 12.300
8.578 16.459 13.804
10.422 7.793 9.834
4.472 4.323 3.943
11.099 13.205 4.378
7.367 5.337 3.061
8.140 9.616 8.388
3.244 4.816 6.883
0.216 2.907 11.063
0.462 17.373 5.646
16.331 8.354 1.877
6.538 6.115 4.023
5.340 11.808 7.495
14.372 15.421 14.304
2.219 20.056 8.076
3.872 1.184 5.805
7.462 0.302 0.976
4.268 1.421 8.207
6.210 0.704 8.071
0.124 8.416 0.548
13.750 0.566 10.989
5.270 9.446 2.569
8.283 16.461 11.349
8.536 2.239 31.991
11.082 0.976 5.882
5.344 2.320 7.333
3.547 19.373 8.123
1.225 8.316 6.592
15.640 0.021 1.594
9.370 9.373 6.577
3.913 5.258 5.308
2.102 25.634 10.820
7.233 2.394 4.539
11.417 6.238 3.394
1.053 23.899 6.892
2.785 2.040 17.453
4.996 4.168 1.549
5.417 10.896 3.418
5.693 1.296 17.057
12.273 0.463 1.268
15.167 10.967 1.199
7.214 9.383 0.553
1.123 5.285 2.508
4.710 0.719 12.739
2.663 15.016 0.878
5.420 6.594 8.091
8.266 7.993 10.140
3.680 3.168 0.827
11.562 2.600 2.318
0.047 3.747 4.099
2.567 4.791 16.885
14.024 0.378 1.300
10.187 13.312 16.180
4.215 5.352 3.172
10.156 7.112 18.124
3.433 4.146 4.099
18.870 1.758 12.253
0.019 0.576 6.901
4.048 1.173 7.649
2.526 6.001 3.824
15.735 3.397 4.774
8.208 5.094 0.716
0.120 19.732 9.226
13.102 15.353 0.390
23.894 9.127 7.352
1.052 14.956 0.403
1.599 4.378 3.060
16.714 3.028 11.231
17.306 0.141 10.836
6.124 11.996 10.742
1.648 5.099 7.231
11.180 6.061 17.674
12.761 10.790 19.370
24.373 0.480 1.721
3.252 18.810 9.319
4.325 5.274 8.761
11.477 7.410 10.816
15.033 12.666 12.658
11.138 3.131 6.353
23.771 7.014 14.444
3.146 1.347 2.012
6.009 6.159 0.881
7.606 6.201 18.622
16.810 2.729 4.350
9.549 13.398 9.368
6.785 5.575 1.023
7.602 2.006 7.748
0.485 19.947 21.955
6.233 15.649 3.659
9.743 0.207 0.510
2.903 13.253 5.830
4.804 10.675 0.563
12.996 5.681 5.317
0.887 14.330 0.493
10.185 11.887 14.739
7.337 6.306 10.008
2.457 3.191 13.088
12.199 3.390 10.803
10.990 7.835 6.473
7.444 12.103 0.953
8.642 14.666 14.607
8.390 5.512 2.472
13.168 3.874 3.083
4.096 4.249 7.411
9.105 6.554 1.810
24.655 2.894 11.286
19.910 4.426 5.529
16.134 16.301 2.341
1.902 1.814 8.682
25.931 16.119 3.460
12.648 7.785 12.124
16.463 7.012 3.875
1.931 8.313 10.019
5.742 2.012 7.422
6.065 1.318 0.650
4.863 12.555 12.408
10.283 11.883 9.754
7.240 5.418 0.266
3.590 8.052 0.090
7.685 19.684 7.142
5.321 7.730 9.033
0.895 12.549 14.577
0.444 8.233 9.344
2.964 13.780 16.337
11.068 5.005 5.355
0.266 1.439 3.816
11.037 3.365 8.483
5.397 8.049 9.210
1.943 4.467 7.855
10.998 1.080 2.389
0.833 10.204 3.387
2.912 1.615 12.543
5.310 9.506 4.150
14.513 0.756 1.624
9.725 0.462 2.554
8.648 0.044 16.602
8.240 5.098 4.722
2.665 13.757 1.045
1.667 9.368 4.844
11.467 7.501 10.229
0.072 3.346 27.443
11.898 7.335 3.713
16.715 5.168 8.030
7.475 2.759 6.510
0.023 12.304 7.520
11.985 3.106 2.654
5.601 17.771 11.775
11.422 11.772 9.494
15.994 1.050 0.550
11.337 0.678 16.151
10.902 6.606 0.800
7.693 8.967 11.934
5.343 2.552 15.276
6.402 0.967 1.191
4.795 2.635 6.286
9.592 2.722 14.110
29.751 7.985 7.378
6.703 7.901 2.676
1.928 7.710 7.887
0.477 0.940 2.189
4.422 5.195 21.824
8.627 2.323 2.032
5.085 2.268 2.508
9.232 3.323 0.559
9.533 9.604 0.078
7.218 3.271 1.791
11.648 17.665 1.230
19.028 3.046 7.221
15.553 1.143 2.941
12.887 1.400 5.521
7.218 9.035 15.780
8.075 18.463 12.679
5.287 1.922 7.995
13.022 5.303 2.847
3.475 4.124 5.835
1.245 5.477 1.460
1.949 31.886 21.872
0.324 13.124 0.954
8.897 0.513 6.600
22.249 3.417 11.242
10.423 16.216 10.898
9.509 3.532 9.347
10.672 1.821 4.450
9.042 4.036 12.686
18.752 8.638 12.565
10.008 8.463 5.538
4.506 4.972 1.324
9.852 3.495 1.961
12.458 2.823 11.031
1.961 1.049 7.342
4.847 3.376 6.694
4.925 8.735 0.719
9.353 15.449 7.328
0.696 15.790 0.409
1.188 3.616 10.092
5.199 6.952 13.123
2.678 0.787 11.392
15.873 4.101 2.018
9.846 3.513 6.588
1.187 11.801 9.891
1.630 8.122 6.893
0.760 6.568 8.319
3.596 6.337 2.955
9.211 16.021 2.280
5.365 6.254 10.355
2.485 2.152 16.197
2.418 3.318 3.471
28.514 6.817 9.242
5.214 8.254 2.615
6.147 14.376 14.044
5.828 17.000 2.586
3.002 23.114 14.089
13.616 10.954 1.210
4.695 5.516 15.685
12.634 1.964 10.010
12.809 3.695 7.574
5.417 6.247 0.845
0.846 0.868 2.843
17.887 4.857 18.206
5.618 2.434 4.804
1.146 9.575 0.264
0.941 7.779 11.839
3.084 9.294 18.797
15.308 2.887 23.032
15.624 3.891 7.553
4.975 2.487 0.683
15.389 5.175 5.116
5.407 1.111 9.563
0.757 4.756 3.405
15.906 1.563 0.208
21.512 0.514 2.098
4.774 7.166 3.485
1.564 15.286 3.144
15.515 37.594 13.209
15.244 1.514 8.649
7.907 1.275 5.610
4.901 14.083 5.005
18.351 1.944 2.119
7.755 10.064 12.469
18.154 1.553 3.415
7.215 4.076 1.611
8.803 8.081 2.450
14.020 7.182 4.442
1.506 1.241 8.412
17.918 0.278 26.840
6.291 1.700 2.196
2.970 8.511 2.846
6.063 2.740 13.311
8.566 5.503 2.924
2.722 8.264 5.000
6.840 9.220 3.650
18.063 0.104 16.389
15.268 22.612 0.407
3.883 13.406 2.576
12.027 9.683 12.248
8.136 4.741 1.583
5.038 3.944 2.785
11.521 22.371 10.925
8.553 23.368 17.821
2.703 11.084 18.798
12.931 8.206 6.875
2.605 14.201 5.031
26.595 0.883 3.301
3.424 19.510 8.244
19.206 5.287 18.889
2.982 25.664 9.840
1.784 2.398 11.909
5.113 2.326 1.614
4.065 2.909 3.134
8.760 1.335 6.343
21.885 7.453 14.504
11.256 6.533 17.325
9.164 4.386 7.226
25.409 10.453 6.731
11.850 18.129 8.073
1.314 1.168 16.706
3.451 1.237 5.599
15.179 1.820 4.935
12.016 7.671 11.953
3.835 1.275 9.816
4.442 3.371 16.577
22.405 6.100 2.108
1.745 7.061 1.873
1.896 24.349 0.410
13.628 15.796 6.617
5.302 5.949 12.823
17.863 4.629 9.373
4.592 17.588 11.639
6.384 5.675 18.179
12.938 7.252 7.479
1.862 14.149 12.802
5.224 3.489 0.826
3.980 7.681 4.110
1.721 13.349 7.455
6.375 4.201 11.070
0.947 6.354 13.653
0.750 10.535 6.337
3.387 21.275 4.732
7.039 11.647 11.959
12.204 7.327 7.961
2.338 4.126 8.820
8.265 12.503 0.011
11.222 13.455 6.757
2.810 1.408 2.067
19.461 16.480 11.679
17.564 7.943 0.619
3.022 5.221 7.026
16.467 0.947 13.025
2.663 15.512 4.877
4.390 6.850 28.375
11.203 5.109 21.321
0.118 4.461 1.288
2.512 9.587 13.657
7.658 2.464 8.078
3.686 8.741 6.113
11.567 15.810 16.607
6.135 0.673 0.117
11.263 1.499 17.451
3.102 11.625 12.546
1.924 7.380 4.691
10.524 2.779 15.588
2.580 7.996 1.760
5.177 3.076 7.730
0.495 9.512 1.776
7.559 2.817 1.975
3.855 12.130 4.689
7.653 12.951 19.458
0.228 6.205 16.134
16.460 25.051 11.036
2.191 5.139 6.675
3.451 2.230 33.127
9.429 9.950 12.649
8.554 8.867 1.504
2.216 13.352 4.489
13.146 14.378 1.888
10.880 8.885 31.723
6.298 12.648 6.064
11.404 3.063 11.319
1.205 8.650 26.887
5.285 6.019 0.227
0.014 23.134 2.837
8.802 7.317 19.160
12.223 9.097 12.801
1.863 5.000 8.296
15.354 7.679 8.948
4.507 10.792 4.193
6.767 24.148 1.113
4.881 8.820 9.964
0.978 3.437 10.637
7.335 4.826 5.267
4.840 2.783 15.824
14.180 2.827 11.816
5.550 7.706 2.610
12.183 9.432 3.742
13.354 10.947 18.507
10.502 12.221 6.402
2.589 27.174 2.286
5.792 6.851 7.722
7.940 10.500 0.220
5.223 3.556 4.706
2.901 8.129 5.092
6.936 1.956 18.805
8.011 2.494 12.149
4.972 0.237 0.240
10.944 11.332 16.410
2.952 6.693 1.232
7.241 10.400 10.620
4.950 0.035 0.640
2.190 6.651 18.436
7.393 0.273 10.573
16.633 5.943 1.251
5.918 4.364 1.663
12.543 9.040 13.217
9.672 6.788 17.313
6.575 11.741 17.796
14.678 5.455 22.162
0.827 7.492 11.279
1.895 11.346 8.594
15.238 4.858 9.497
5.835 3.448 12.241
9.428 10.926 1.604
8.219 11.133 17.254
13.394 8.494 11.053
5.785 0.253 8.163
2.566 5.474 23.280
14.873 0.317 6.662
2.944 6.825 13.107
17.662 13.816 22.512
7.692 6.189 15.179
16.051 13.794 0.827
2.835 1.036 7.457
1.060 5.727 2.336
4.389 7.315 10.810
22.095 1.017 9.320
14.828 3.592 4.764
0.229 3.166 23.857
9.603 13.896 29.018
0.894 1.970 8.175
7.928 11.336 15.548
11.637 14.916 8.664
18.102 10.390 14.447
0.698 0.972 2.874
16.108 7.349 4.711
2.186 23.004 3.637
2.690 13.697 6.004
0.680 20.430 1.347
1.232 2.145 9.032
1.472 10.961 2.187
5.133 17.869 4.539
7.388 1.195 16.279
13.156 1.252 11.493
17.088 7.748 2.036
1.578 8.203 3.021
1.477 2.839 1.835
10.402 0.937 18.828
10.532 3.363 4.254
4.352 2.768 0.981
5.760 1.436 1.322
3.835 11.330 2.604
2.361 0.783 4.143
1.183 14.225 1.515
1.588 3.877 19.700
1.419 5.058 20.974
10.499 14.777 9.212
7.623 3.498 2.499
19.940 11.464 4.468
10.275 14.008 3.551
7.222 13.540 7.976
7.977 20.563 6.024
7.533 20.255 22.831
7.773 0.518 5.459
5.499 2.939 1.282
5.631 15.142 4.655
19.551 18.574 20.475
16.867 10.843 4.904
5.672 12.295 7.748
18.619 0.167 6.373
1.846 3.428 17.255
1.377 11.121 6.343
6.658 0.552 15.472
0.707 10.973 14.546
15.205 3.708 9.303
15.199 6.161 12.859
10.503 1.231 1.116
13.271 16.710 7.011
9.432 6.471 3.684
22.943 14.380 3.569
6.428 0.527 5.931
21.055 12.900 18.302
14.949 7.154 0.330
0.521 15.701 9.160
3.936 6.244 21.282
2.852 24.435 2.829
2.328 12.708 0.572
8.924 12.196 1.469
6.640 3.080 12.711
17.856 9.666 4.346
1.469 2.516 7.320
3.278 25.977 4.114
6.288 5.913 5.676
3.589 4.092 2.909
1.152 8.934 13.670
4.909 19.116 13.246
1.236 2.140 5.581
4.419 1.756 13.120
15.130 17.524 8.265
7.883 5.182 4.589
5.877 4.204 9.554
11.467 4.463 0.596
10.197 14.697 0.094
9.238 8.525 0.692
10.336 13.301 5.463
4.472 13.162 6.714
13.978 5.382 2.678
13.869 4.647 9.175
4.232 1.282 2.518
2.945 16.276 10.414
3.745 18.250 6.242
12.787 13.677 2.399
12.971 6.102 0.583
5.904 2.772 1.525
13.490 17.587 2.208
20.469 18.390 8.925
3.347 8.719 9.567
14.825 2.701 10.174
11.415 6.658 4.569
0.342 4.214 1.210
5.686 6.006 6.986
12.148 7.243 6.269
12.773 7.807 24.425
20.474 2.976 0.271
10.329 12.549 10.729
6.589 16.201 3.044
11.244 18.362 10.562
1.583 1.035 4.622
21.746 1.939 1.249
1.557 4.848 12.030
3.227 21.643 3.262
9.479 11.999 12.431
14.360 2.709 5.715
4.302 0.316 3.015
2.091 11.634 3.576
4.006 8.655 6.451
19.969 10.605 16.201
8.959 15.589 4.376
20.897 3.673 4.679
1.204 16.129 0.314
3.221 6.188 14.590
0.116 4.124 3.255
12.266 1.187 2.924
6.820 0.006 9.002
8.830 19.486 10.143
18.733 0.331 13.876
15.041 7.976 8.326
1.670 5.786 7.746
10.474 8.491 2.685
1.039 9.993 7.339
16.951 11.868 8.058
5.650 11.019 1.749
13.753 8.032 11.120
1.181 2.558 5.251
4.635 9.413 5.003
10.825 25.069 4.206
0.725 7.392 0.751
10.146 5.820 2.105
4.072 0.479 4.460
2.411 1.530 3.435
1.791 1.541 11.208
8.266 1.638 4.479
10.502 8.181 12.030
5.217 3.351 5.457
6.084 9.340 15.753
0.665 18.192 17.384
6.642 6.660 5.388
2.584 2.821 2.935
10.748 1.478 7.270
14.008 7.416 10.293
6.384 1.968 16.187
4.600 9.849 3.685
1.795 3.057 7.673
1.338 11.295 18.068
7.169 9.792 6.007
3.764 7.420 7.685
9.467 1.034 7.927
11.816 12.507 13.270
3.837 2.723 16.094
6.416 8.566 0.774
12.942 3.697 4.060
16.183 10.421 8.433
9.061 1.009 7.186
15.354 10.804 5.299
7.398 1.628 5.380
5.235 7.606 18.068
0.648 4.251 4.145
15.562 32.592 0.599
17.228 24.350 4.790
12.734 8.121 8.812
4.674 5.887 1.952
0.717 10.163 3.357
25.789 9.874 4.672
7.500 4.407 0.770
18.627 8.317 10.382
1.630 9.596 3.213
6.974 0.959 0.216
1.527 4.326 4.605
17.076 7.696 5.195
18.701 10.009 25.360
19.821 7.816 13.502
3.227 4.107 0.070
12.601 3.248 9.162
1.776 7.920 4.489
7.406 2.511 10.189
13.853 18.750 7.888
0.840 0.516 0.671
3.306 18.787 6.009
3.791 12.369 0.343
10.549 9.531 1.945
2.487 0.754 20.624
4.066 9.136 0.316
17.817 8.821 12.270
8.970 1.882 4.478
9.530 2.219 1.821
0.752 7.327 8.432
1.713 4.087 0.560
4.264 10.625 5.595
10.129 2.328 1.248
4.000 11.429 2.108
2.593 4.727 0.257
12.549 12.493 14.990
7.895 9.728 12.853
10.195 6.358 4.534
6.558 1.643 12.071
1.288 0.835 0.760
6.391 5.481 5.342
4.494 3.957 16.335
3.755 9.746 6.873
13.287 1.841 4.904
22.358 3.611 17.000
13.102 1.071 0.190
1.515 7.428 18.525
13.821 18.089 12.392
5.604 5.085 14.102
0.814 0.845 19.128
1.931 7.714 12.245
5.200 5.017 0.314
13.247 9.044 13.038
13.480 24.149 1.060
19.575 8.884 9.466
6.194 4.220 11.053
9.338 6.940 3.225
0.848 11.947 22.851
0.008 16.604 1.498
21.085 18.770 5.221
5.418 0.302 4.045
16.007 1.563 2.590
1.705 5.853 7.974
9.075 2.532 16.359
13.871 12.160 0.156
15.368 10.386 6.712
20.315 8.052 7.783
8.450 10.948 0.907
8.930 15.428 4.045
0.649 1.051 18.261
0.388 15.578 3.177
6.753 2.367 17.930
2.040 9.694 10.884
10.240 15.827 0.956
14.906 10.064 4.374
2.877 0.176 5.366
14.177 2.821 5.585
12.358 3.283 2.522
4.567 8.766 4.298
13.718 12.015 26.977
12.492 9.038 7.533
4.493 5.836 2.214
10.200 11.810 21.321
2.310 3.421 8.286
0.299 7.851 13.255
8.983 23.313 3.933
9.708 7.531 11.008
0.341 4.308 0.605
9.358 1.158 11.531
8.673 0.019 13.185
1.542 0.724 8.951
10.476 0.302 2.831
4.778 14.838 5.384
4.050 3.946 6.543
2.212 5.182 1.693
17.641 10.816 12.447
2.067 11.939 2.930
9.101 3.448 5.952
4.374 4.350 4.782
2.585 2.719 4.322
1.775 14.198 0.060
3.399 7.329 5.709
5.269 12.895 10.960
0.644 0.497 21.169
13.834 12.750 5.817
5.987 1.717 6.639
13.537 13.290 5.332
6.692 14.841 14.360
7.562 11.903 5.340
17.696 7.556 6.809
1.683 8.093 5.791
5.250 1.199 5.087
9.026 6.687 8.503
7.232 0.994 3.471
7.169 18.309 8.249
0.130 6.416 21.783
13.441 12.831 3.873
8.118 6.933 16.676
4.973 3.729 6.125
15.456 4.116 8.393
17.551 4.041 0.818
24.520 7.737 2.826
8.266 10.962 5.710
12.673 0.866 5.327
7.287 4.298 3.126
13.184 7.250 9.751
1.603 11.673 11.985
0.989 8.699 6.119
9.931 4.105 12.020
1.780 6.489 19.801
10.964 5.032 15.283
2.551 13.526 3.109
1.013 8.746 3.858
6.229 3.316 5.593
8.129 9.922 3.271
1.067 6.371 6.071
5.607 13.460 4.991
1.780 11.366 2.791
14.026 11.625 0.384
0.105 11.943 8.905
12.817 8.051 0.279
13.181 5.020 0.392
3.563 9.425 0.506
13.962 17.140 10.129
10.048 24.993 1.156
8.398 13.702 7.599
13.140 21.298 3.964
14.332 4.658 11.633
9.020 4.937 4.678
0.982 8.844 1.089
2.335 6.731 15.596
19.141 7.937 19.207
8.590 1.581 5.926
10.698 6.829 8.207
4.714 8.740 1.794
6.829 7.304 12.653
4.590 19.811 8.097
17.486 3.786 4.257
3.665 4.996 2.664
0.146 11.958 14.178
3.700 6.401 10.280
3.735 2.767 11.660
7.199 14.012 5.416
3.806 5.416 6.808
1.604 1.227 15.275
5.146 11.424 15.335
0.461 13.017 2.918
6.252 4.048 9.931
5.780 2.584 11.304
5.574 8.679 0.354
13.150 4.439 4.666
10.546 3.140 7.189
3.972 9.527 0.551
6.080 8.372 17.865
23.567 11.157 1.924
4.805 0.877 2.567
0.494 4.977 10.102
8.395 12.726 8.589
6.166 18.603 1.625
1.126 1.522 8.422
1.038 6.324 3.043
6.833 13.941 0.176
20.304 1.784 1.615
10.491 5.171 5.007
0.610 14.464 3.707
1.084 12.840 15.720
3.158 5.036 11.054
6.298 3.152 0.908
12.984 7.531 1.813
9.791 9.771 6.116
13.639 3.650 3.651
10.814 14.839 20.049
12.326 2.568 16.969
5.230 11.553 4.288
5.356 15.610 0.337
13.304 4.897 1.263
5.654 14.009 11.835
18.379 8.049 0.387
9.598 1.373 13.433
2.678 7.745 11.801
6.987 2.599 0.145
13.447 11.394 13.648
1.139 18.429 26.444
2.877 8.743 9.883
15.178 1.164 8.834
10.701 8.749 21.401
5.981 3.328 9.102
4.129 0.936 13.212
10.140 7.412 23.985
7.930 16.775 14.930
2.186 0.052 14.612
7.568 13.149 7.498
13.579 1.240 9.473
14.346 26.307 19.120
9.237 13.041 0.134
22.214 10.894 22.580
4.639 12.615 4.121
2.950 4.661 8.633
14.242 0.520 2.194
5.243 16.747 5.446
6.674 2.764 7.090
14.472 5.800 17.516
16.603 14.249 15.558
1.475 14.044 3.179
1.556 23.158 2.035
4.045 3.828 5.553
27.554 10.086 1.894
2.362 10.544 3.514
4.650 6.170 0.145
2.291 11.011 17.953
7.418 1.273 7.984
10.423 6.358 24.277
11.287 2.544 8.579
11.087 15.123 18.102
2.002 8.445 10.628
1.155 21.037 6.543
6.366 11.116 9.270
9.029 10.017 0.274
2.852 6.358 13.037
0.499 2.443 0.372
5.830 13.243 3.321
13.146 1.424 2.772
0.816 4.962 12.504
1.402 13.448 6.660
9.680 22.305 9.531
2.355 9.430 11.208
15.294 7.268 7.773
10.561 1.009 28.906
6.567 4.647 5.685
0.751 4.503 31.338
0.273 2.206 9.192
0.244 13.254 5.850
1.007 6.453 2.538
0.889 13.111 5.758
12.730 25.363 15.255
5.022 5.340 8.878
13.919 5.766 4.427
1.997 3.229 12.525
9.156 26.555 9.893
19.513 5.711 0.907
13.068 1.118 5.255
2.328 0.620 4.730
10.981 44.390 5.300
3.095 27.122 2.227
10.556 5.328 1.590
7.008 9.384 7.430
0.126 8.871 1.898
7.453 0.578 9.379
10.267 9.196 3.865
11.566 9.966 0.503
8.256 0.886 8.551
6.148 12.013 3.225
2.292 5.669 8.326
9.166 3.029 6.187
4.834 5.964 7.994
14.454 8.132 4.250
2.988 5.945 4.028
15.243 9.293 2.080
21.760 14.183 7.322
1.634 2.698 22.516
7.286 5.222 7.360
10.315 12.519 11.439
14.757 5.167 3.114
9.317 1.483 10.701
1.550 1.525 5.339
1.163 18.509 5.127
9.125 3.018 11.201
20.384 5.173 6.090
7.429 6.995 2.881
2.306 4.000 14.949
7.676 9.087 4.584
8.645 6.393 1.514
7.098 5.757 11.429
4.575 5.050 20.125
23.172 4.290 9.764
9.488 12.740 4.602
19.757 2.519 11.019
1.903 3.453 11.774
11.059 16.751 2.581
2.970 2.415 0.671
0.168 11.972 26.133
15.793 4.795 5.100
17.898 3.993 11.683
1.226 3.969 0.519
22.757 10.321 8.215
2.733 3.462 5.083
7.485 10.103 4.100
6.237 19.758 0.711
0.659 19.009 7.162
8.289 3.138 12.657
0.778 3.485 2.317
7.323 14.420 7.431
8.269 5.002 14.085
1.114 3.201 4.814
2.702 4.976 10.770
4.471 11.240 11.236
16.381 2.374 11.325
10.899 18.076 17.993
3.392 5.636 4.074
2.197 25.809 5.774
0.541 2.136 4.373
1.464 7.324 5.237
3.452 4.356 1.887
6.802 4.509 5.271
2.510 4.381 3.645
26.952 20.453 2.933
21.935 5.582 9.365
3.415 3.786 8.566
3.062 15.257 0.375
5.501 0.143 10.499
9.264 19.146 17.598
2.931 5.337 3.992
1.920 20.719 4.822
6.423 0.384 6.242
4.393 3.904 17.764
17.842 0.773 1.480
4.857 3.634 10.887
10.434 6.272 3.512
2.509 2.389 9.383
2.531 8.194 0.026
12.904 5.166 3.169
7.293 21.948 13.188
7.268 0.426 7.712
9.760 1.046 7.169
4.826 1.918 8.598
1.552 1.391 9.940
1.749 8.297 9.214
8.912 2.558 13.819
1.023 1.803 1.879
0.699 23.702 4.946
1.757 5.857 0.755
1.082 6.054 9.636
2.377 4.943 1.866
11.612 16.763 5.553
6.304 5.755 5.920
12.106 14.334 8.387
1.271 13.136 11.915
13.045 4.759 4.812
7.927 6.028 12.145
2.380 7.477 1.471
18.311 3.991 12.079
0.256 3.870 16.122
13.156 0.172 0.905
11.487 12.086 16.638
4.901 7.355 10.405
5.240 4.213 9.225
0.221 7.672 1.633
14.656 11.096 20.415
1.019 7.475 0.465
2.668 0.914 5.280
14.081 10.090 9.153
14.153 3.097 13.448
5.726 4.957 23.377
1.012 32.690 1.749
9.267 11.197 3.416
13.592 3.706 5.051
5.016 11.250 10.652
3.365 7.730 6.995
10.684 9.016 17.630
14.204 15.402 4.862
5.218 3.309 19.874
3.101 1.710 8.643
18.090 17.692 5.762
1.915 4.718 2.976
5.475 0.901 6.292
11.444 9.502 7.130
26.068 11.468 1.120
13.489 0.010 1.521
9.688 5.802 1.955
19.090 2.542 11.311
2.040 4.307 13.774
1.384 1.118 13.377
10.641 18.169 8.032
11.555 16.346 11.274
2.298 18.530 0.896
1.046 8.731 5.877
22.731 0.548 7.059
1.729 14.820 3.772
0.271 26.388 16.385
0.526 3.158 1.806
1.663 10.012 3.611
4.444 1.097 27.194
1.688 7.885 15.443
5.913 0.233 2.891
5.957 0.939 6.551
13.567 10.731 5.666
10.356 9.310 8.793
0.148 0.942 9.031
1.070 9.261 3.544
0.456 4.005 6.714
16.393 14.224 5.131
5.370 14.117 2.217
1.049 0.172 4.595
7.741 12.839 2.982
13.888 5.554 22.086
22.794 3.297 10.635
3.419 9.854 0.707
4.365 19.243 5.814
14.875 0.587 7.564
30.245 3.775 2.580
7.519 7.115 16.907
4.085 4.894 14.189
4.576 6.198 8.452
0.367 4.103 0.990
20.566 7.121 7.010
0.402 13.466 9.934
1.700 9.245 11.467
8.807 6.293 7.253
5.663 11.819 1.547
0.213 15.980 7.369
10.252 16.604 1.841
0.354 20.056 9.395
5.900 19.907 4.605
17.656 10.238 6.268
0.725 24.016 0.726
11.237 21.893 15.675
3.276 2.312 5.823
18.183 2.140 7.358
5.661 0.804 3.547
6.773 1.955 2.835
10.105 6.956 2.172
3.526 8.560 6.316
11.709 1.192 0.156
18.062 0.140 9.951
13.917 13.101 12.090
7.613 2.079 1.902
4.742 5.977 0.191
3.529 10.882 5.489
4.259 6.923 7.423
4.934 0.956 1.148
6.633 0.934 6.446
6.552 4.603 9.361
5.720 1.485 0.572
2.487 8.876 8.065
4.121 0.596 8.206
8.071 17.491 10.213
6.023 3.293 0.612
2.629 19.407 6.409
12.464 9.578 0.170
15.323 1.534 6.703
10.947 9.715 6.624
6.690 7.714 1.304
6.860 7.754 17.520
13.254 0.619 2.099
1.521 3.391 4.458
6.005 7.008 6.888
2.202 4.526 13.580
2.595 12.236 13.340
14.857 20.700 3.100
15.941 19.115 7.663
11.298 2.442 2.309
0.150 11.388 18.470
8.044 11.349 3.708
1.076 0.750 16.276
7.167 1.744 1.338
2.966 3.358 10.611
8.430 3.256 5.381
17.583 10.279 6.167
6.171 17.278 8.592
7.259 5.789 5.832
14.306 17.480 12.244
12.957 4.450 8.608
7.360 6.130 3.345
11.210 13.699 0.312
5.806 7.301 10.489
2.650 3.612 2.747
4.959 7.166 18.869
6.609 4.451 8.951
14.066 18.742 9.914
3.575 1.542 0.341
2.606 3.386 16.057
13.111 6.349 10.238
16.755 11.527 12.531
6.027 3.357 14.527
0.353 16.239 7.551
11.539 3.600 10.071
10.298 12.313 18.161
5.096 4.035 0.209
3.031 8.007 0.519
2.856 16.821 18.480
6.110 13.581 4.950
3.170 0.034 14.756
2.064 7.372 2.243
22.081 5.216 10.882
14.363 7.717 9.245
2.115 9.839 17.723
7.799 5.639 7.684
5.330 4.082 13.518
13.002 1.263 9.063
7.165 5.786 0.186
10.461 12.422 2.758
27.658 6.626 2.456
11.301 3.868 0.827
14.495 17.807 21.897
15.160 19.218 12.636
8.987 7.576 0.497
12.893 1.891 5.661
4.509 11.963 16.494
2.123 0.919 18.261
3.222 12.543 2.164
8.073 4.808 8.689
8.469 15.940 5.212
4.505 7.206 3.946
5.040 9.979 4.314
8.701 8.282 9.107
8.494 7.351 11.608
14.637 9.434 6.937
4.679 6.558 6.075
0.544 18.583 0.858
5.152 22.599 16.022
9.051 23.487 3.741
17.881 22.351 5.179
6.942 11.442 4.572
8.446 5.626 7.958
5.235 3.028 6.069
2.939 0.874 12.732
1.231 14.257 5.731
1.873 5.565 17.581
15.086 18.239 0.204
1.938 10.393 2.824
13.079 3.436 0.654
10.562 14.292 12.098
19.951 3.415 1.568
0.993 9.057 8.932
9.482 18.508 7.028
12.379 8.310 3.001
