10011010000001101111100011010110111111111011011001111010111110001011110011111101
01111111111111111111111111111111101111111111111111011111111111111111111110111111
00000000000001000000000000010000000000000000000000000000000000000000000000000000
11111010101101111111100011010111111111111011011101111110111110011011110011111101
10011010000001000110100001010110010001111010000000111000011110000001010011111100
10011111011111111111111111111111111111111111111111111011111111111111111111111111
11101111111111111111111111111111111111001111111111101111111111111111111111111111
11010110011010011000000010000001010011000101110000000100010100000000110100111000
10011111111111111111111111111111111111111111111111111111111111111111111111111111
00000000000000001000000010000000000000000000001000000000000000000000000000000000
10000000000000000000100000000000010000000000000000100000010100000000000001000000
00000000000000000000000000000000100110000001000000000000000000000000000000000000
11110111111111111111111111111111111110111111111111111111111111111111111111111111
01111111111111111101011111111101101111111111111111011111101001111111111110001111
11111111111111111111111111111111111111111111111111111111101011111111111111111111
11111111111111111111111110111111111111110111111111111111110111111111111111110111
00000101000000000000000000000000000000000000000000000001000000000000001000000000
00000000000000000000000000000000100110000001000000000000000000001000100000000000
00000101000000000000001100001000000000000100100010000001000000000100001100000010
11111010100001111111100011010110111111111011011001111110111110001011110011111101
10011010000001111111100011010110111111111011011001111010111110001011110011111101
00000000000000000001000000000000000000000000010001000000000000000000000000000000
00000101000000000000000100000000000000000000000010000001000000000000001000000000
00000000000000000001000000000000000000000000010000000000000000000000000000000000
11111111111111111111111111111111111111011111111111101111111111111111111111111111
11111111111111111111111110111111111111111111111111111111110111111111111111111111
11111111111111111111111111111111101111111111111111011111111111111111111110111111
00000000000000000001000000000000001000000000010001000010000000000010000000000001
00000000010000000000000000000000000000000000000000000000000000100000000000000000
00000000000000000000000000000000000000110000000000010000000000000000000000000000
11111111111111111111111111111111101111111111111111011111111111111111111111111111
10010010000001000110100001010110010000111010000000110000011110000000000011111100
00000000000000000000100000000000000000000000000000000000010100000000000000000000
00000000000000000000001000001000000000000000000000000000000000000100000000000010
11111111111111111111111111111111111111111011011111111111111111111111111111111111
00000000000000001000000000000000000000000000001000000000000000000000000000000000
11111111111111111111111011111111111111111111111101111111111111111111111111111111
00000001000000000000000000000000000000000000000000000001000000000000000000000000
11111111111111111101111111111111111111111111111111111111111101111111111111111111
00000010000001000000000001010100000000001000000000000000001000000000000010001100
11111111110011111111111111111110111111111111111111111111111111111111111111111111
11111111111011111111111111111110111111111111111111111111111111111111111111111111
11111101111110111111111110101011111111110111111111111111110111111111111101110111
11111111111111111110111111111111111111111111101110111111111111111101111111111110
00000101010010000000011100101000000000000100100010000001000001110100001100000010
00000101000010000000001100101000000000000100100010000001000000000100001100000010
00000000000000000000000000000000000010000001000000000000000000000000000000000000
00000000000000000000000000000000100010000001000000000000000000000000000000000000
00000000001100000000000000000001000000000000000100000000000000000000000000000000
01100101111110010001011100101001001000000100110111000111100001110110001100000011
11111111111111111111111110111011111111110111111111111111110111111111111101110111
11111111111111111110111111111111111111111111101110111101111111111101111111111110
01100101111110011001011110101001001000000100111111000111100001110110001100000011
00000101000010000000001100101000000000000100100010000001000001000100001100000010
10010010000001000110100001010110010000111010000000110000011110000001000011111100
11111101111110111011111110101011111111110111111111111111110111111111111101110011
01111111111111111111011111111101101111111111111111011111101011111111111110111111
11111111111111111110111111111111110111111111101110111101011111111101111111111110
00000000000000000001000000000000000000000000010001000000000000000000000000000001
10011111011111111111111111111111111111111111111111111111111111111111111111111111
01100101111110111001011110101001001000000100111111000111100001110110001100000011
00000000010000000000010000000000000000000000000000000000000000100000000000000000
00000010000000000000000001000100000000001000000000000000001000000000000010001000
11111010111111111111111111111111111111111111111111111110111111111111111111111111
11111010111111111111110011110111111111111011011101111110111111111011110111111101
00000000000000000000000000000000100110000001000000000000000000000000100000000000
00000000000000000000001000001000000000000000000000000000000000000000000000000000
11110111111111111111111111111111111110111111111111111111111111111111101111111111
11111111111101111111111111011111111111111111111111111111111111111111111111111111
10000010000001000110100001010110010000001010000000100000011110000000000011111100
11111010111111111111110011110111111111111111111101111110111111111011110111111101
11111111111111111111110111110111111111111111111111111111111111111111111111111101
01111101111110111001011110101001101111110111111111011111100001111111111100000011
11111111111111111111111110111111111111110111111111111111110111111111111111111111
11111111111111111111111111111111111111111111111111111111111111111111111111001111
10000000000000000010100000000010010000000000000000100000010110000000000001000000
11111111111111111111111110111111111111110111111111111111110111111111111101110111
00001000000000000000000000000000000001000000000000001000000000000000010000000000
