807
496 328
271 665
157 401
4 284
292 40
37 230
91 287
378 790
1 296
292 372
95 139
112 81
218 43
39 310
646 672
235 162
338 256
393 312
272 358
333 36
369 48
533 283
780 202
199 42
620 197
127 122
496 801
777 104
308 195
327 248
103 238
211 191
371 176
147 137
77 156
159 298
173 160
745 286
625 468
286 55
703 339
216 580
132 246
274 574
475 559
316 487
799 539
293 185
295 447
107 79
332 353
588 227
285 52
63 68
750 146
641 243
121 44
798 458
242 295
25 5
113 257
497 294
215 70
110 398
77 522
9 43
138 482
578 273
768 274
735 594
112 639
136 70
802 616
32 288
117 514
123 87
21 58
347 196
180 264
125 113
9 722
200 131
76 556
621 138
39 1
188 91
537 54
253 201
395 3
170 699
744 216
394 712
100 704
507 629
83 137
83 91
26 16
11 16
367 774
30 206
18 343
764 279
773 50
609 37
434 36
219 216
449 69
22 6
10 366
471 385
420 279
36 47
565 758
400 97
46 169
57 124
22 73
201 679
227 28
661 353
76 185
1 181
570 170
593 452
142 688
162 565
592 114
130 15
394 686
20 109
658 209
540 176
97 184
59 87
309 306
409 504
711 781
62 49
692 59
368 316
24 18
469 134
537 659
765 119
370 466
16 132
159 486
265 430
349 259
209 383
79 676
64 234
219 614
61 1
41 422
395 494
256 254
451 306
591 674
727 528
783 351
33 591
433 78
105 534
114 23
154 446
330 204
209 649
213 190
425 339
642 318
128 108
2 671
261 97
368 484
123 232
93 202
602 46
178 436
458 69
99 373
543 48
218 233
166 79
56 196
141 619
180 49
412 707
143 148
173 640
670 261
162 524
566 450
141 444
242 169
99 163
115 361
632 451
272 95
387 344
200 456
74 143
257 464
40 187
102 88
149 133
230 778
772 269
542 662
163 605
5 3
262 131
126 755
57 247
14 51
653 282
129 4
197 129
513 792
26 386
476 40
65 183
512 419
492 503
12 10
631 323
27 517
194 322
630 231
669 247
298 490
235 454
304 78
32 15
195 166
15 23
15 260
495 346
714 576
37 546
146 182
172 245
352 720
389 305
161 305
46 105
587 214
220 40
666 333
36 210
193 162
94 198
577 16
10 4
11 31
52 9
523 739
492 196
78 162
572 287
170 687
415 140
416 71
176 106
392 500
60 53
568 188
35 762
39 391
406 45
598 408
11 33
44 519
29 11
48 76
235 708
255 663
657 645
152 68
116 523
108 700
526 438
105 355
86 31
691 51
27 21
789 297
413 448
20 431
729 406
582 409
637 29
11 530
378 239
63 40
42 6
652 189
435 237
205 98
786 726
219 478
510 328
231 551
497 763
484 634
782 115
696 641
105 438
11 571
80 96
41 453
64 84
85 70
37 325
648 215
394 12
96 725
50 53
344 365
305 701
20 41
757 97
530 668
704 713
73 734
8 50
293 384
698 509
38 13
89 49
489 583
91 160
236 211
254 170
231 134
86 547
146 99
374 94
8 3
555 717
82 20
249 558
381 236
488 560
334 39
94 52
228 23
275 733
19 474
261 586
11 9
328 332
244 382
13 2
397 545
287 363
212 147
89 201
754 33
554 395
97 52
286 673
536 553
222 144
236 518
650 100
290 339
191 23
74 34
468 531
596 753
347 718
47 314
505 581
57 319
87 179
2 3
404 806
477 16
36 90
239 185
272 294
493 67
351 220
4 3
461 211
101 90
69 51
636 287
34 150
225 164
1 7
189 86
138 399
81 795
333 705
564 528
465 94
79 60
480 172
710 583
224 4
77 273
728 420
749 333
633 236
237 1
211 651
136 216
796 332
48 2
366 623
176 555
271 73
697 276
12 291
607 793
307 404
473 134
138 15
20 40
450 233
772 800
155 100
261 563
421 49
28 521
690 111
114 259
44 120
335 132
113 46
442 247
61 342
791 507
300 538
283 502
392 481
193 243
105 278
75 320
241 225
38 159
83 248
500 579
55 10
622 460
440 213
737 613
128 204
35 111
769 641
326 685
56 78
345 70
59 50
118 223
91 142
336 232
118 122
283 140
259 323
689 426
34 16
463 276
285 499
289 131
248 329
35 118
418 618
610 328
24 616
613 250
2 1
157 139
307 248
268 213
603 5
564 628
498 611
567 307
589 228
681 116
33 677
9 529
318 215
649 695
4 164
660 501
57 37
94 140
274 562
807 106
169 344
131 161
709 544
702 467
41 171
767 337
2 290
439 131
331 573
590 194
413 224
35 174
88 267
468 655
61 145
469 535
441 548
430 561
10 35
20 56
196 274
18 30
312 69
394 429
151 6
212 455
752 53
255 467
535 615
14 299
175 141
198 321
279 508
11 18
26 46
479 455
35 732
403 16
292 377
208 252
549 152
313 77
291 488
730 598
303 24
509 164
511 736
25 585
247 516
139 154
236 472
468 204
77 306
70 61
291 405
281 143
82 115
596 608
143 460
141 17
331 75
651 787
120 552
19 606
192 244
367 771
67 297
93 89
376 84
35 72
644 628
157 172
175 249
77 9
116 78
400 599
539 335
233 280
475 79
726 738
229 1
439 604
542 368
328 156
414 72
759 586
513 325
98 14
803 637
186 364
723 341
527 523
86 99
270 149
42 65
343 711
443 89
520 479
68 126
251 247
675 186
459 333
317 69
134 18
197 544
797 308
612 263
356 44
594 264
28 168
221 177
59 367
746 535
180 375
203 155
144 80
747 483
595 233
360 193
678 489
731 256
515 388
664 649
575 239
417 437
341 16
350 379
2 71
33 207
418 282
159 536
2 6
208 114
172 250
779 769
103 528
67 110
209 25
160 337
17 766
64 25
776 595
17 19
225 412
667 406
266 172
390 167
385 182
638 302
286 596
741 522
37 117
279 68
225 276
613 761
520 724
15 21
67 106
693 583
40 67
472 684
294 576
419 366
83 626
108 75
381 432
683 214
223 410
66 27
389 417
601 321
95 89
301 47
719 499
682 249
624 254
29 37
30 794
89 643
236 498
756 579
152 775
221 315
265 392
751 480
302 41
17 54
23 282
457 94
20 8
173 186
13 15
617 127
277 72
19 88
83 34
109 409
285 505
498 647
491 413
411 740
16 17
609 656
443 597
760 153
178 175
380 117
2 14
550 285
489 307
51 348
388 333
584 359
640 784
82 165
99 240
501 83
350 332
346 16
233 269
91 445
158 7
367 804
415 483
65 167
509 706
299 770
21 28
326 18
338 506
1 428
325 441
149 177
645 590
58 192
69 411
162 316
265 231
511 230
29 45
251 311
133 92
462 93
49 39
32 805
104 2
80 68
160 170
742 467
370 206
448 716
52 75
217 170
532 110
63 507
208 340
1 788
424 126
